00 00 00 00 01 00 00 00 00 00 00 00 00 00 00 00 00 00 00 00 00 
00 00 00 00 01 00 00 01 00 00 02 00 00 00 00 00 00 00 00 00 00 
00 01 00 00 02 00 00 01 00 00 02 00 00 00 00 00 00 00 00 00 00 
00 01 00 00 02 00 00 01 00 00 02 00 00 00 00 00 00 00 00 00 00 
00 01 00 00 03 00 00 02 00 01 02 00 00 00 01 00 00 00 00 00 00 
00 01 00 00 03 00 00 04 00 02 04 00 00 01 01 00 02 00 00 01 00 
00 00 00 00 03 00 00 04 00 02 04 00 00 01 01 00 02 00 00 01 00 
00 00 00 00 03 00 00 04 00 02 04 00 00 01 01 00 02 00 00 01 00 
00 00 00 00 03 00 00 04 00 02 04 00 00 01 01 00 02 00 00 01 00 
00 00 00 00 01 00 00 02 00 01 02 00 00 01 00 00 02 00 00 01 00 
00 00 00 00 01 00 00 02 00 01 02 00 00 01 00 00 02 00 00 01 00 
