00 00 00 00 00 00 01 00 01 00 00 00 00 00 00 00 00 00 00 00 00 
00 00 00 00 00 00 02 01 01 01 02 00 00 00 00 01 00 00 00 00 00 
00 00 00 00 01 01 02 02 02 01 02 00 00 00 01 02 00 01 01 00 00 
00 00 00 00 01 01 02 02 02 01 02 00 00 00 01 02 00 01 01 00 00 
00 00 00 00 01 01 02 04 03 03 02 01 00 00 01 02 00 01 01 00 00 
00 00 00 00 01 01 02 06 05 05 05 03 00 01 02 01 00 01 01 00 00 
00 00 00 00 01 01 02 06 05 05 05 03 00 01 02 01 00 01 01 00 00 
00 00 00 00 01 01 02 06 05 05 05 03 00 01 02 01 00 01 01 00 00 
00 00 00 00 01 01 02 06 05 05 05 03 00 01 02 01 00 01 01 00 00 
00 00 00 00 01 01 00 03 03 02 03 02 00 01 02 00 00 01 01 00 00 
00 00 00 00 01 01 00 03 03 02 03 02 00 01 02 00 00 01 01 00 00 
