00 00 00 00 00 00 00 02 03 00 01 00 00 00 00 00 00 00 00 00 00 
00 00 00 00 00 00 00 04 03 00 01 00 01 01 00 00 00 00 00 00 00 
00 00 00 00 00 00 00 04 03 00 01 00 01 01 00 00 00 00 00 00 00 
00 00 00 00 00 01 00 04 03 00 01 00 01 01 00 00 00 00 00 00 00 
00 00 00 00 00 01 00 05 03 01 03 01 01 01 00 00 00 00 00 00 00 
00 00 02 04 00 05 03 06 03 02 06 02 01 01 03 01 00 01 01 00 00 
00 00 02 04 00 05 03 06 03 02 06 02 01 01 03 01 00 01 01 00 00 
00 00 02 04 00 05 03 06 03 02 06 02 01 01 03 01 00 01 01 00 00 
00 00 02 04 00 05 03 06 03 02 06 02 01 01 03 01 00 01 01 00 00 
00 00 02 04 00 04 03 01 00 01 03 01 00 00 03 01 00 01 01 00 00 
00 00 02 03 00 04 03 01 00 01 03 01 00 00 03 01 00 01 01 00 00 
